1 1 305 255 640 285
1 100 0 0 604 43
1 100 0 0 756 131
1 100 590 0 667 566
1 100 0 487 141 516
1 100 708 136 756 222
1 100 0 259 136 283
1 100 305 255 640 285
1 100 658 547 731 567
1 100 360 405 416 451
1 100 226 334 256 371
1 100 201 109 638 138
1 100 0 369 139 394
1 100 258 288 317 312
1 100 366 474 391 503
1 100 655 520 731 567
1 100 703 311 756 419
1 101 0 0 604 43
1 101 590 0 667 566
1 101 305 255 640 285
1 101 366 474 391 503
1 101 615 479 635 509
1 102 0 0 604 43
1 102 590 0 667 566
1 102 0 487 141 516
1 102 708 136 756 222
1 102 305 255 640 285
1 102 530 405 554 429
1 102 506 405 529 429
1 102 226 334 256 371
1 102 0 369 139 394
1 102 221 315 243 359
1 102 366 474 391 503
1 102 309 175 324 199
1 102 615 479 635 509
1 102 603 341 630 373
1 102 168 151 184 163
1 103 666 342 705 533
1 103 590 0 667 566
1 105 666 342 705 533
1 112 0 0 604 43
1 112 666 342 705 533
1 112 590 0 667 566
1 112 0 487 141 516
1 112 0 109 639 146
1 112 305 255 640 285
1 112 201 109 638 138
1 112 0 369 139 394
1 113 0 0 604 43
1 113 666 342 705 533
1 113 590 0 667 566
1 113 0 487 141 516
1 113 0 109 639 146
1 113 305 255 640 285
1 113 201 109 638 138
1 113 0 369 139 394
1 114 0 0 604 43
1 114 666 342 705 533
1 114 590 0 667 566
1 114 0 487 141 516
1 114 0 109 639 146
1 114 708 136 756 222
1 114 700 460 741 514
1 114 305 255 640 285
1 114 252 339 316 371
1 114 658 547 731 567
1 114 360 405 416 451
1 114 201 109 638 138
1 114 0 369 139 394
1 114 197 286 247 359
1 114 366 474 391 503
1 116 666 342 705 533
1 117 666 342 705 533
